```bash
 wrk -t 4 -c 64 -d 150 -L -U -s ./mixed-workload_type_1.lua http://localhost:8080 -R 10
Running 2m test @ http://localhost:8080
  4 threads and 64 connections
  Thread calibration: mean lat.: 10.923ms, rate sampling interval: 31ms
  Thread calibration: mean lat.: 10.410ms, rate sampling interval: 24ms
  Thread calibration: mean lat.: 10.754ms, rate sampling interval: 29ms
  Thread calibration: mean lat.: 9.177ms, rate sampling interval: 26ms
  Thread Stats   Avg      Stdev     Max   +/- Stdev
    Latency     5.24ms    2.56ms  18.21ms   80.26%
    Req/Sec     2.55     20.40   260.00     98.15%
  Latency Distribution (HdrHistogram - Recorded Latency)
 50.000%    4.35ms
 75.000%    6.18ms
 90.000%    8.76ms
 99.000%   14.13ms
 99.900%   15.39ms
 99.990%   18.22ms
 99.999%   18.22ms
100.000%   18.22ms

  Detailed Percentile spectrum:
       Value   Percentile   TotalCount 1/(1-Percentile)

       1.756     0.000000            1         1.00
       2.981     0.100000          141         1.11
       3.349     0.200000          282         1.25
       3.621     0.300000          423         1.43
       3.957     0.400000          564         1.67
       4.347     0.500000          705         2.00
       4.571     0.550000          775         2.22
       4.935     0.600000          845         2.50
       5.283     0.650000          916         2.86
       5.747     0.700000          986         3.33
       6.183     0.750000         1056         4.00
       6.587     0.775000         1093         4.44
       6.991     0.800000         1128         5.00
       7.443     0.825000         1162         5.71
       7.819     0.850000         1197         6.67
       8.351     0.875000         1232         8.00
       8.559     0.887500         1250         8.89
       8.775     0.900000         1268        10.00
       9.087     0.912500         1285        11.43
       9.495     0.925000         1303        13.33
       9.879     0.937500         1320        16.00
      10.119     0.943750         1329        17.78
      10.607     0.950000         1338        20.00
      11.031     0.956250         1347        22.86
      11.743     0.962500         1356        26.67
      12.223     0.968750         1364        32.00
      12.455     0.971875         1369        35.56
      12.543     0.975000         1373        40.00
      12.703     0.978125         1378        45.71
      12.951     0.981250         1382        53.33
      13.671     0.984375         1386        64.00
      13.919     0.985938         1391        71.11
      13.919     0.987500         1391        80.00
      13.935     0.989062         1393        91.43
      14.263     0.990625         1395       106.67
      14.359     0.992188         1397       128.00
      14.415     0.992969         1399       142.22
      14.423     0.993750         1400       160.00
      14.447     0.994531         1401       182.86
      14.471     0.995313         1402       213.33
      14.663     0.996094         1403       256.00
      14.687     0.996484         1404       284.44
      14.687     0.996875         1404       320.00
      14.703     0.997266         1405       365.71
      14.703     0.997656         1405       426.67
      15.103     0.998047         1406       512.00
      15.103     0.998242         1406       568.89
      15.103     0.998437         1406       640.00
      15.391     0.998633         1407       731.43
      15.391     0.998828         1407       853.33
      15.391     0.999023         1407      1024.00
      15.391     0.999121         1407      1137.78
      15.391     0.999219         1407      1280.00
      18.223     0.999316         1408      1462.86
      18.223     1.000000         1408          inf
#[Mean    =        5.238, StdDeviation   =        2.556]
#[Max     =       18.208, Total count    =         1408]
#[Buckets =           27, SubBuckets     =         2048]
----------------------------------------------------------

  Latency Distribution (HdrHistogram - Uncorrected Latency (measured without taking delayed starts into account))
 50.000%    3.33ms
 75.000%    5.28ms
 90.000%    8.06ms
 99.000%   13.01ms
 99.900%   15.22ms
 99.990%   16.50ms
 99.999%   16.50ms
100.000%   16.50ms

  Detailed Percentile spectrum:
       Value   Percentile   TotalCount 1/(1-Percentile)

       1.294     0.000000            1         1.00
       2.313     0.100000          141         1.11
       2.619     0.200000          282         1.25
       2.835     0.300000          425         1.43
       3.061     0.400000          565         1.67
       3.327     0.500000          704         2.00
       3.607     0.550000          776         2.22
       3.955     0.600000          845         2.50
       4.395     0.650000          916         2.86
       4.783     0.700000          986         3.33
       5.279     0.750000         1057         4.00
       5.743     0.775000         1092         4.44
       6.091     0.800000         1127         5.00
       6.515     0.825000         1162         5.71
       6.955     0.850000         1197         6.67
       7.451     0.875000         1232         8.00
       7.771     0.887500         1250         8.89
       8.067     0.900000         1268        10.00
       8.263     0.912500         1285        11.43
       8.567     0.925000         1303        13.33
       9.031     0.937500         1320        16.00
       9.319     0.943750         1329        17.78
       9.807     0.950000         1338        20.00
      10.215     0.956250         1347        22.86
      10.575     0.962500         1356        26.67
      11.327     0.968750         1364        32.00
      11.615     0.971875         1369        35.56
      11.719     0.975000         1373        40.00
      11.919     0.978125         1378        45.71
      12.223     0.981250         1382        53.33
      12.471     0.984375         1386        64.00
      12.823     0.985938         1389        71.11
      12.943     0.987500         1391        80.00
      12.967     0.989062         1393        91.43
      13.047     0.990625         1395       106.67
      13.087     0.992188         1397       128.00
      13.159     0.992969         1400       142.22
      13.159     0.993750         1400       160.00
      13.207     0.994531         1401       182.86
      13.455     0.995313         1402       213.33
      13.463     0.996094         1403       256.00
      13.479     0.996484         1404       284.44
      13.479     0.996875         1404       320.00
      13.647     0.997266         1405       365.71
      13.647     0.997656         1405       426.67
      14.791     0.998047         1406       512.00
      14.791     0.998242         1406       568.89
      14.791     0.998437         1406       640.00
      15.223     0.998633         1407       731.43
      15.223     0.998828         1407       853.33
      15.223     0.999023         1407      1024.00
      15.223     0.999121         1407      1137.78
      15.223     0.999219         1407      1280.00
      16.495     0.999316         1408      1462.86
      16.495     1.000000         1408          inf
#[Mean    =        4.397, StdDeviation   =        2.503]
#[Max     =       16.480, Total count    =         1408]
#[Buckets =           27, SubBuckets     =         2048]
----------------------------------------------------------
  1536 requests in 2.52m, 610.62KB read
  Socket errors: connect 0, read 0, write 0, timeout 3414
Requests/sec:     10.15
Transfer/sec:      4.04KB
```
