```bash
 wrk -t 4 -c 64 -d 150 -L -U -s ./mixed-workload_type_1.lua http://localhost:8080 -R 10
Running 2m test @ http://localhost:8080
  4 threads and 64 connections
  Thread calibration: mean lat.: 13.447ms, rate sampling interval: 25ms
  Thread calibration: mean lat.: 12.498ms, rate sampling interval: 23ms
  Thread calibration: mean lat.: 8.168ms, rate sampling interval: 21ms
  Thread calibration: mean lat.: 10.208ms, rate sampling interval: 22ms
  Thread Stats   Avg      Stdev     Max   +/- Stdev
    Latency     4.79ms    2.02ms  15.58ms   79.40%
    Req/Sec     2.61     21.04   285.00     98.24%
  Latency Distribution (HdrHistogram - Recorded Latency)
 50.000%    4.20ms
 75.000%    5.61ms
 90.000%    7.42ms
 99.000%   11.57ms
 99.900%   14.67ms
 99.990%   15.58ms
 99.999%   15.58ms
100.000%   15.58ms

  Detailed Percentile spectrum:
       Value   Percentile   TotalCount 1/(1-Percentile)

       1.656     0.000000            1         1.00
       2.919     0.100000          141         1.11
       3.303     0.200000          283         1.25
       3.581     0.300000          423         1.43
       3.855     0.400000          564         1.67
       4.203     0.500000          704         2.00
       4.359     0.550000          775         2.22
       4.559     0.600000          845         2.50
       4.863     0.650000          916         2.86
       5.219     0.700000          986         3.33
       5.607     0.750000         1056         4.00
       5.807     0.775000         1092         4.44
       6.095     0.800000         1127         5.00
       6.371     0.825000         1162         5.71
       6.587     0.850000         1197         6.67
       6.999     0.875000         1232         8.00
       7.239     0.887500         1250         8.89
       7.419     0.900000         1268        10.00
       7.819     0.912500         1285        11.43
       8.039     0.925000         1303        13.33
       8.351     0.937500         1320        16.00
       8.607     0.943750         1329        17.78
       9.199     0.950000         1339        20.00
       9.383     0.956250         1347        22.86
       9.623     0.962500         1356        26.67
       9.855     0.968750         1364        32.00
      10.127     0.971875         1369        35.56
      10.303     0.975000         1373        40.00
      10.623     0.978125         1378        45.71
      10.759     0.981250         1382        53.33
      10.879     0.984375         1386        64.00
      11.039     0.985938         1389        71.11
      11.079     0.987500         1391        80.00
      11.327     0.989062         1393        91.43
      11.631     0.990625         1395       106.67
      13.039     0.992188         1397       128.00
      13.311     0.992969         1399       142.22
      13.327     0.993750         1400       160.00
      13.511     0.994531         1401       182.86
      13.783     0.995313         1402       213.33
      13.959     0.996094         1403       256.00
      14.111     0.996484         1404       284.44
      14.111     0.996875         1404       320.00
      14.143     0.997266         1405       365.71
      14.143     0.997656         1405       426.67
      14.207     0.998047         1406       512.00
      14.207     0.998242         1406       568.89
      14.207     0.998437         1406       640.00
      14.671     0.998633         1407       731.43
      14.671     0.998828         1407       853.33
      14.671     0.999023         1407      1024.00
      14.671     0.999121         1407      1137.78
      14.671     0.999219         1407      1280.00
      15.583     0.999316         1408      1462.86
      15.583     1.000000         1408          inf
#[Mean    =        4.792, StdDeviation   =        2.020]
#[Max     =       15.576, Total count    =         1408]
#[Buckets =           27, SubBuckets     =         2048]
----------------------------------------------------------

  Latency Distribution (HdrHistogram - Uncorrected Latency (measured without taking delayed starts into account))
 50.000%    3.19ms
 75.000%    4.74ms
 90.000%    6.59ms
 99.000%   10.44ms
 99.900%   14.41ms
 99.990%   14.71ms
 99.999%   14.71ms
100.000%   14.71ms

  Detailed Percentile spectrum:
       Value   Percentile   TotalCount 1/(1-Percentile)

       1.549     0.000000            1         1.00
       2.261     0.100000          141         1.11
       2.553     0.200000          285         1.25
       2.753     0.300000          423         1.43
       2.933     0.400000          566         1.67
       3.191     0.500000          704         2.00
       3.401     0.550000          775         2.22
       3.685     0.600000          847         2.50
       4.007     0.650000          916         2.86
       4.347     0.700000          986         3.33
       4.743     0.750000         1057         4.00
       4.955     0.775000         1092         4.44
       5.111     0.800000         1127         5.00
       5.403     0.825000         1162         5.71
       5.663     0.850000         1197         6.67
       6.087     0.875000         1232         8.00
       6.323     0.887500         1250         8.89
       6.599     0.900000         1268        10.00
       6.971     0.912500         1285        11.43
       7.203     0.925000         1303        13.33
       7.579     0.937500         1320        16.00
       7.835     0.943750         1329        17.78
       8.095     0.950000         1338        20.00
       8.359     0.956250         1347        22.86
       8.703     0.962500         1356        26.67
       9.167     0.968750         1364        32.00
       9.271     0.971875         1369        35.56
       9.367     0.975000         1373        40.00
       9.455     0.978125         1378        45.71
       9.615     0.981250         1382        53.33
       9.943     0.984375         1386        64.00
      10.167     0.985938         1389        71.11
      10.239     0.987500         1391        80.00
      10.439     0.989062         1394        91.43
      10.671     0.990625         1395       106.67
      11.687     0.992188         1397       128.00
      12.111     0.992969         1399       142.22
      12.359     0.993750         1400       160.00
      12.415     0.994531         1401       182.86
      13.151     0.995313         1402       213.33
      13.159     0.996094         1403       256.00
      13.383     0.996484         1404       284.44
      13.383     0.996875         1404       320.00
      13.407     0.997266         1405       365.71
      13.407     0.997656         1405       426.67
      13.855     0.998047         1406       512.00
      13.855     0.998242         1406       568.89
      13.855     0.998437         1406       640.00
      14.415     0.998633         1407       731.43
      14.415     0.998828         1407       853.33
      14.415     0.999023         1407      1024.00
      14.415     0.999121         1407      1137.78
      14.415     0.999219         1407      1280.00
      14.711     0.999316         1408      1462.86
      14.711     1.000000         1408          inf
#[Mean    =        3.942, StdDeviation   =        1.966]
#[Max     =       14.704, Total count    =         1408]
#[Buckets =           27, SubBuckets     =         2048]
----------------------------------------------------------
  1536 requests in 2.50m, 651.65KB read
  Socket errors: connect 0, read 0, write 0, timeout 3313
Requests/sec:     10.23
Transfer/sec:      4.34KB
```
